
C:\_data\FPGA\PCE\soft\pceren>gcc voltab.c -o voltab.exe -lm -Wall 

C:\_data\FPGA\PCE\soft\pceren>voltab

SAMPLE 00 : -1398101 EAAAAB
-1398101 EAAAAB
-989779 F0E5AD
-700710 F54EDA
-496064 F86E40
-351187 FAA42D
-248621 FC34D3
-176010 FD5076
-124605 FE1943
-88214 FEA76A
-62450 FF0C0E
-44211 FF534D
-31299 FF85BD
-22158 FFA972
-15686 FFC2BA
-11105 FFD49F
-7862 FFE14A
-5565 FFEA43
-3940 FFF09C
-2789 FFF51B
-1974 FFF84A
-1398 FFFA8A
-989 FFFC23
-700 FFFD44
-496 FFFE10
-351 FFFEA1
-248 FFFF08
-176 FFFF50
-124 FFFF84
-88 FFFFA8
-62 FFFFC2
-44 FFFFD4
-31 FFFFE1
-22 FFFFEA
-15 FFFFF1
-11 FFFFF5
-7 FFFFF9
-5 FFFFFB
-3 FFFFFD
-2 FFFFFE
-1 FFFFFF
-1 FFFFFF
0 000000
0 000000
0 000000
0 000000
0 000000
0 000000
0 000000
0 000000
0 000000
0 000000
0 000000
0 000000
0 000000
0 000000
0 000000
0 000000
0 000000
0 000000
0 000000
0 000000
0 000000
0 000000
0 000000
0 000000
0 000000
0 000000
0 000000
0 000000
0 000000
0 000000
0 000000
0 000000
0 000000
0 000000
0 000000
0 000000
0 000000
0 000000
0 000000
0 000000
0 000000
0 000000
0 000000
0 000000
0 000000
0 000000
0 000000
0 000000
0 000000
0 000000
0 000000
0 000000
0 000000
0 000000
0 000000

SAMPLE 01 : -1307901 EC0B03
-1307901 EC0B03
-925922 F1DF1E
-655503 F5FF71
-464060 F8EB44
-328529 FAFCAF
-232581 FC737B
-164654 FD7CD2
-116566 FE38AA
-82522 FEBDA6
-58421 FF1BCB
-41359 FF5E71
-29280 FF8DA0
-20728 FFAF08
-14674 FFC6AE
-10389 FFD76B
-7354 FFE346
-5206 FFEBAA
-3686 FFF19A
-2609 FFF5CF
-1847 FFF8C9
-1307 FFFAE5
-925 FFFC63
-655 FFFD71
-464 FFFE30
-328 FFFEB8
-232 FFFF18
-164 FFFF5C
-116 FFFF8C
-82 FFFFAE
-58 FFFFC6
-41 FFFFD7
-29 FFFFE3
-20 FFFFEC
-14 FFFFF2
-10 FFFFF6
-7 FFFFF9
-5 FFFFFB
-3 FFFFFD
-2 FFFFFE
-1 FFFFFF
-1 FFFFFF
0 000000
0 000000
0 000000
0 000000
0 000000
0 000000
0 000000
0 000000
0 000000
0 000000
0 000000
0 000000
0 000000
0 000000
0 000000
0 000000
0 000000
0 000000
0 000000
0 000000
0 000000
0 000000
0 000000
0 000000
0 000000
0 000000
0 000000
0 000000
0 000000
0 000000
0 000000
0 000000
0 000000
0 000000
0 000000
0 000000
0 000000
0 000000
0 000000
0 000000
0 000000
0 000000
0 000000
0 000000
0 000000
0 000000
0 000000
0 000000
0 000000
0 000000
0 000000
0 000000
0 000000
0 000000
0 000000

SAMPLE 02 : -1217701 ED6B5B
-1217701 ED6B5B
-862066 F2D88E
-610296 F6B008
-432056 F96848
-305872 FB5530
-216541 FCB223
-153299 FDA92D
-108527 FE5811
-76831 FED3E1
-54392 FF2B88
-38507 FF6995
-27260 FF9584
-19299 FFB49D
-13662 FFCAA2
-9672 FFDA38
-6847 FFE541
-4847 FFED11
-3431 FFF299
-2429 FFF683
-1720 FFF948
-1217 FFFB3F
-862 FFFCA2
-610 FFFD9E
-432 FFFE50
-305 FFFECF
-216 FFFF28
-153 FFFF67
-108 FFFF94
-76 FFFFB4
-54 FFFFCA
-38 FFFFDA
-27 FFFFE5
-19 FFFFED
-13 FFFFF3
-9 FFFFF7
-6 FFFFFA
-4 FFFFFC
-3 FFFFFD
-2 FFFFFE
-1 FFFFFF
-1 FFFFFF
0 000000
0 000000
0 000000
0 000000
0 000000
0 000000
0 000000
0 000000
0 000000
0 000000
0 000000
0 000000
0 000000
0 000000
0 000000
0 000000
0 000000
0 000000
0 000000
0 000000
0 000000
0 000000
0 000000
0 000000
0 000000
0 000000
0 000000
0 000000
0 000000
0 000000
0 000000
0 000000
0 000000
0 000000
0 000000
0 000000
0 000000
0 000000
0 000000
0 000000
0 000000
0 000000
0 000000
0 000000
0 000000
0 000000
0 000000
0 000000
0 000000
0 000000
0 000000
0 000000
0 000000
0 000000
0 000000

SAMPLE 03 : -1127501 EECBB3
-1127501 EECBB3
-798209 F3D1FF
-565089 F7609F
-400052 F9E54C
-283215 FBADB1
-200501 FCF0CB
-141943 FDD589
-100488 FE7778
-71140 FEEA1C
-50363 FF3B45
-35654 FF74BA
-25241 FF9D67
-17869 FFBA33
-12650 FFCE96
-8956 FFDD04
-6340 FFE73C
-4488 FFEE78
-3177 FFF397
-2249 FFF737
-1592 FFF9C8
-1127 FFFB99
-798 FFFCE2
-565 FFFDCB
-400 FFFE70
-283 FFFEE5
-200 FFFF38
-141 FFFF73
-100 FFFF9C
-71 FFFFB9
-50 FFFFCE
-35 FFFFDD
-25 FFFFE7
-17 FFFFEF
-12 FFFFF4
-8 FFFFF8
-6 FFFFFA
-4 FFFFFC
-3 FFFFFD
-2 FFFFFE
-1 FFFFFF
-1 FFFFFF
0 000000
0 000000
0 000000
0 000000
0 000000
0 000000
0 000000
0 000000
0 000000
0 000000
0 000000
0 000000
0 000000
0 000000
0 000000
0 000000
0 000000
0 000000
0 000000
0 000000
0 000000
0 000000
0 000000
0 000000
0 000000
0 000000
0 000000
0 000000
0 000000
0 000000
0 000000
0 000000
0 000000
0 000000
0 000000
0 000000
0 000000
0 000000
0 000000
0 000000
0 000000
0 000000
0 000000
0 000000
0 000000
0 000000
0 000000
0 000000
0 000000
0 000000
0 000000
0 000000
0 000000
0 000000
0 000000

SAMPLE 04 : -1037300 F02C0C
-1037300 F02C0C
-734352 F4CB70
-519881 F81137
-368047 FA6251
-260557 FC0633
-184460 FD2F74
-130588 FE01E4
-92449 FE96DF
-65449 FF0057
-46334 FF4B02
-32802 FF7FDE
-23222 FFA54A
-16440 FFBFC8
-11638 FFD28A
-8239 FFDFD1
-5833 FFE937
-4129 FFEFDF
-2923 FFF495
-2069 FFF7EB
-1465 FFFA47
-1037 FFFBF3
-734 FFFD22
-519 FFFDF9
-368 FFFE90
-260 FFFEFC
-184 FFFF48
-130 FFFF7E
-92 FFFFA4
-65 FFFFBF
-46 FFFFD2
-32 FFFFE0
-23 FFFFE9
-16 FFFFF0
-11 FFFFF5
-8 FFFFF8
-5 FFFFFB
-4 FFFFFC
-2 FFFFFE
-2 FFFFFE
-1 FFFFFF
-1 FFFFFF
0 000000
0 000000
0 000000
0 000000
0 000000
0 000000
0 000000
0 000000
0 000000
0 000000
0 000000
0 000000
0 000000
0 000000
0 000000
0 000000
0 000000
0 000000
0 000000
0 000000
0 000000
0 000000
0 000000
0 000000
0 000000
0 000000
0 000000
0 000000
0 000000
0 000000
0 000000
0 000000
0 000000
0 000000
0 000000
0 000000
0 000000
0 000000
0 000000
0 000000
0 000000
0 000000
0 000000
0 000000
0 000000
0 000000
0 000000
0 000000
0 000000
0 000000
0 000000
0 000000
0 000000
0 000000
0 000000

SAMPLE 05 : -947100 F18C64
-947100 F18C64
-670495 F5C4E1
-474674 F8C1CE
-336043 FADF55
-237900 FC5EB4
-168420 FD6E1C
-119232 FE2E40
-84410 FEB646
-59757 FF1693
-42305 FF5ABF
-29949 FF8B03
-21202 FFAD2E
-15010 FFC55E
-10626 FFD67E
-7523 FFE29D
-5325 FFEB33
-3770 FFF146
-2669 FFF593
-1889 FFF89F
-1337 FFFAC7
-947 FFFC4D
-670 FFFD62
-474 FFFE26
-336 FFFEB0
-237 FFFF13
-168 FFFF58
-119 FFFF89
-84 FFFFAC
-59 FFFFC5
-42 FFFFD6
-29 FFFFE3
-21 FFFFEB
-15 FFFFF1
-10 FFFFF6
-7 FFFFF9
-5 FFFFFB
-3 FFFFFD
-2 FFFFFE
-1 FFFFFF
-1 FFFFFF
0 000000
0 000000
0 000000
0 000000
0 000000
0 000000
0 000000
0 000000
0 000000
0 000000
0 000000
0 000000
0 000000
0 000000
0 000000
0 000000
0 000000
0 000000
0 000000
0 000000
0 000000
0 000000
0 000000
0 000000
0 000000
0 000000
0 000000
0 000000
0 000000
0 000000
0 000000
0 000000
0 000000
0 000000
0 000000
0 000000
0 000000
0 000000
0 000000
0 000000
0 000000
0 000000
0 000000
0 000000
0 000000
0 000000
0 000000
0 000000
0 000000
0 000000
0 000000
0 000000
0 000000
0 000000
0 000000
0 000000

SAMPLE 06 : -856900 F2ECBC
-856900 F2ECBC
-606638 F6BE52
-429467 F97265
-304039 FB5C59
-215243 FCB735
-152380 FDACC4
-107877 FE5A9B
-76371 FED5AD
-54066 FF2CCE
-38276 FF6A7C
-27097 FF9627
-19183 FFB511
-13580 FFCAF4
-9614 FFDA72
-6806 FFE56A
-4818 FFED2E
-3411 FFF2AD
-2415 FFF691
-1709 FFF953
-1210 FFFB46
-856 FFFCA8
-606 FFFDA2
-429 FFFE53
-304 FFFED0
-215 FFFF29
-152 FFFF68
-107 FFFF95
-76 FFFFB4
-54 FFFFCA
-38 FFFFDA
-27 FFFFE5
-19 FFFFED
-13 FFFFF3
-9 FFFFF7
-6 FFFFFA
-4 FFFFFC
-3 FFFFFD
-2 FFFFFE
-1 FFFFFF
-1 FFFFFF
0 000000
0 000000
0 000000
0 000000
0 000000
0 000000
0 000000
0 000000
0 000000
0 000000
0 000000
0 000000
0 000000
0 000000
0 000000
0 000000
0 000000
0 000000
0 000000
0 000000
0 000000
0 000000
0 000000
0 000000
0 000000
0 000000
0 000000
0 000000
0 000000
0 000000
0 000000
0 000000
0 000000
0 000000
0 000000
0 000000
0 000000
0 000000
0 000000
0 000000
0 000000
0 000000
0 000000
0 000000
0 000000
0 000000
0 000000
0 000000
0 000000
0 000000
0 000000
0 000000
0 000000
0 000000
0 000000
0 000000

SAMPLE 07 : -766700 F44D14
-766700 F44D14
-542782 F7B7C2
-384260 FA22FC
-272035 FBD95D
-192586 FD0FB6
-136340 FDEB6C
-96521 FE86F7
-68332 FEF514
-48375 FF4309
-34247 FF7A39
-24245 FFA14B
-17164 FFBCF4
-12151 FFD089
-8602 FFDE66
-6090 FFE836
-4311 FFEF29
-3052 FFF414
-2160 FFF790
-1529 FFFA07
-1082 FFFBC6
-766 FFFD02
-542 FFFDE2
-384 FFFE80
-272 FFFEF0
-192 FFFF40
-136 FFFF78
-96 FFFFA0
-68 FFFFBC
-48 FFFFD0
-34 FFFFDE
-24 FFFFE8
-17 FFFFEF
-12 FFFFF4
-8 FFFFF8
-6 FFFFFA
-4 FFFFFC
-3 FFFFFD
-2 FFFFFE
-1 FFFFFF
-1 FFFFFF
0 000000
0 000000
0 000000
0 000000
0 000000
0 000000
0 000000
0 000000
0 000000
0 000000
0 000000
0 000000
0 000000
0 000000
0 000000
0 000000
0 000000
0 000000
0 000000
0 000000
0 000000
0 000000
0 000000
0 000000
0 000000
0 000000
0 000000
0 000000
0 000000
0 000000
0 000000
0 000000
0 000000
0 000000
0 000000
0 000000
0 000000
0 000000
0 000000
0 000000
0 000000
0 000000
0 000000
0 000000
0 000000
0 000000
0 000000
0 000000
0 000000
0 000000
0 000000
0 000000
0 000000
0 000000
0 000000
0 000000

SAMPLE 08 : -676500 F5AD6C
-676500 F5AD6C
-478925 F8B133
-339053 FAD393
-240031 FC5661
-169929 FD6837
-120300 FE2A14
-85166 FEB352
-60293 FF147B
-42684 FF5944
-30218 FF89F6
-21392 FFAC70
-15144 FFC4D8
-10721 FFD61F
-7590 FFE25A
-5373 FFEB03
-3804 FFF124
-2693 FFF57B
-1906 FFF88E
-1349 FFFABB
-955 FFFC45
-676 FFFD5C
-478 FFFE22
-339 FFFEAD
-240 FFFF10
-169 FFFF57
-120 FFFF88
-85 FFFFAB
-60 FFFFC4
-42 FFFFD6
-30 FFFFE2
-21 FFFFEB
-15 FFFFF1
-10 FFFFF6
-7 FFFFF9
-5 FFFFFB
-3 FFFFFD
-2 FFFFFE
-1 FFFFFF
-1 FFFFFF
0 000000
0 000000
0 000000
0 000000
0 000000
0 000000
0 000000
0 000000
0 000000
0 000000
0 000000
0 000000
0 000000
0 000000
0 000000
0 000000
0 000000
0 000000
0 000000
0 000000
0 000000
0 000000
0 000000
0 000000
0 000000
0 000000
0 000000
0 000000
0 000000
0 000000
0 000000
0 000000
0 000000
0 000000
0 000000
0 000000
0 000000
0 000000
0 000000
0 000000
0 000000
0 000000
0 000000
0 000000
0 000000
0 000000
0 000000
0 000000
0 000000
0 000000
0 000000
0 000000
0 000000
0 000000
0 000000
0 000000
0 000000

SAMPLE 09 : -586300 F70DC4
-586300 F70DC4
-415068 F9AAA4
-293846 FB842A
-208027 FCD365
-147271 FDC0B9
-104260 FE68BC
-73810 FEDFAE
-52254 FF33E2
-36993 FF6F7F
-26189 FF99B3
-18540 FFB794
-13125 FFCCBB
-9292 FFDBB4
-6578 FFE64E
-4657 FFEDCF
-3297 FFF31F
-2334 FFF6E2
-1652 FFF98C
-1169 FFFB6F
-828 FFFCC4
-586 FFFDB6
-415 FFFE61
-293 FFFEDB
-208 FFFF30
-147 FFFF6D
-104 FFFF98
-73 FFFFB7
-52 FFFFCC
-36 FFFFDC
-26 FFFFE6
-18 FFFFEE
-13 FFFFF3
-9 FFFFF7
-6 FFFFFA
-4 FFFFFC
-3 FFFFFD
-2 FFFFFE
-1 FFFFFF
-1 FFFFFF
0 000000
0 000000
0 000000
0 000000
0 000000
0 000000
0 000000
0 000000
0 000000
0 000000
0 000000
0 000000
0 000000
0 000000
0 000000
0 000000
0 000000
0 000000
0 000000
0 000000
0 000000
0 000000
0 000000
0 000000
0 000000
0 000000
0 000000
0 000000
0 000000
0 000000
0 000000
0 000000
0 000000
0 000000
0 000000
0 000000
0 000000
0 000000
0 000000
0 000000
0 000000
0 000000
0 000000
0 000000
0 000000
0 000000
0 000000
0 000000
0 000000
0 000000
0 000000
0 000000
0 000000
0 000000
0 000000
0 000000
0 000000

SAMPLE 0A : -496100 F86E1C
-496100 F86E1C
-351211 FAA415
-248638 FC34C2
-176022 FD506A
-124614 FE193A
-88220 FEA764
-62455 FF0C09
-44214 FF534A
-31301 FF85BB
-22159 FFA971
-15688 FFC2B8
-11106 FFD49E
-7862 FFE14A
-5566 FFEA42
-3940 FFF09C
-2789 FFF51B
-1975 FFF849
-1398 FFFA8A
-989 FFFC23
-700 FFFD44
-496 FFFE10
-351 FFFEA1
-248 FFFF08
-176 FFFF50
-124 FFFF84
-88 FFFFA8
-62 FFFFC2
-44 FFFFD4
-31 FFFFE1
-22 FFFFEA
-15 FFFFF1
-11 FFFFF5
-7 FFFFF9
-5 FFFFFB
-3 FFFFFD
-2 FFFFFE
-1 FFFFFF
-1 FFFFFF
0 000000
0 000000
0 000000
0 000000
0 000000
0 000000
0 000000
0 000000
0 000000
0 000000
0 000000
0 000000
0 000000
0 000000
0 000000
0 000000
0 000000
0 000000
0 000000
0 000000
0 000000
0 000000
0 000000
0 000000
0 000000
0 000000
0 000000
0 000000
0 000000
0 000000
0 000000
0 000000
0 000000
0 000000
0 000000
0 000000
0 000000
0 000000
0 000000
0 000000
0 000000
0 000000
0 000000
0 000000
0 000000
0 000000
0 000000
0 000000
0 000000
0 000000
0 000000
0 000000
0 000000
0 000000
0 000000
0 000000
0 000000
0 000000

SAMPLE 0B : -405900 F9CE74
-405900 F9CE74
-287355 FB9D85
-203431 FCE559
-144018 FDCD6E
-101957 FE71BB
-72180 FEE60C
-51099 FF3865
-36175 FF72B1
-25610 FF9BF6
-18130 FFB92E
-12835 FFCDDD
-9086 FFDC82
-6433 FFE6DF
-4554 FFEE36
-3224 FFF368
-2282 FFF716
-1615 FFF9B1
-1143 FFFB89
-809 FFFCD7
-573 FFFDC3
-405 FFFE6B
-287 FFFEE1
-203 FFFF35
-144 FFFF70
-101 FFFF9B
-72 FFFFB8
-51 FFFFCD
-36 FFFFDC
-25 FFFFE7
-18 FFFFEE
-12 FFFFF4
-9 FFFFF7
-6 FFFFFA
-4 FFFFFC
-3 FFFFFD
-2 FFFFFE
-1 FFFFFF
-1 FFFFFF
0 000000
0 000000
0 000000
0 000000
0 000000
0 000000
0 000000
0 000000
0 000000
0 000000
0 000000
0 000000
0 000000
0 000000
0 000000
0 000000
0 000000
0 000000
0 000000
0 000000
0 000000
0 000000
0 000000
0 000000
0 000000
0 000000
0 000000
0 000000
0 000000
0 000000
0 000000
0 000000
0 000000
0 000000
0 000000
0 000000
0 000000
0 000000
0 000000
0 000000
0 000000
0 000000
0 000000
0 000000
0 000000
0 000000
0 000000
0 000000
0 000000
0 000000
0 000000
0 000000
0 000000
0 000000
0 000000
0 000000
0 000000
0 000000

SAMPLE 0C : -315700 FB2ECC
-315700 FB2ECC
-223498 FC96F6
-158224 FD95F0
-112014 FE4A72
-79300 FECA3C
-56140 FF24B4
-39744 FF64C0
-28136 FF9218
-19919 FFB231
-14101 FFC8EB
-9983 FFD901
-7067 FFE465
-5003 FFEC75
-3542 FFF22A
-2507 FFF635
-1775 FFF911
-1256 FFFB18
-889 FFFC87
-629 FFFD8B
-445 FFFE43
-315 FFFEC5
-223 FFFF21
-158 FFFF62
-112 FFFF90
-79 FFFFB1
-56 FFFFC8
-39 FFFFD9
-28 FFFFE4
-19 FFFFED
-14 FFFFF2
-9 FFFFF7
-7 FFFFF9
-5 FFFFFB
-3 FFFFFD
-2 FFFFFE
-1 FFFFFF
-1 FFFFFF
0 000000
0 000000
0 000000
0 000000
0 000000
0 000000
0 000000
0 000000
0 000000
0 000000
0 000000
0 000000
0 000000
0 000000
0 000000
0 000000
0 000000
0 000000
0 000000
0 000000
0 000000
0 000000
0 000000
0 000000
0 000000
0 000000
0 000000
0 000000
0 000000
0 000000
0 000000
0 000000
0 000000
0 000000
0 000000
0 000000
0 000000
0 000000
0 000000
0 000000
0 000000
0 000000
0 000000
0 000000
0 000000
0 000000
0 000000
0 000000
0 000000
0 000000
0 000000
0 000000
0 000000
0 000000
0 000000
0 000000
0 000000
0 000000
0 000000

SAMPLE 0D : -225500 FC8F24
-225500 FC8F24
-159641 FD9067
-113017 FE4687
-80010 FEC776
-56643 FF22BD
-40100 FF635C
-28388 FF911C
-20097 FFB17F
-14228 FFC86C
-10072 FFD8A8
-7130 FFE426
-5048 FFEC48
-3573 FFF20B
-2530 FFF61E
-1791 FFF901
-1268 FFFB0C
-897 FFFC7F
-635 FFFD85
-449 FFFE3F
-318 FFFEC2
-225 FFFF1F
-159 FFFF61
-113 FFFF8F
-80 FFFFB0
-56 FFFFC8
-40 FFFFD8
-28 FFFFE4
-20 FFFFEC
-14 FFFFF2
-10 FFFFF6
-7 FFFFF9
-5 FFFFFB
-3 FFFFFD
-2 FFFFFE
-1 FFFFFF
-1 FFFFFF
0 000000
0 000000
0 000000
0 000000
0 000000
0 000000
0 000000
0 000000
0 000000
0 000000
0 000000
0 000000
0 000000
0 000000
0 000000
0 000000
0 000000
0 000000
0 000000
0 000000
0 000000
0 000000
0 000000
0 000000
0 000000
0 000000
0 000000
0 000000
0 000000
0 000000
0 000000
0 000000
0 000000
0 000000
0 000000
0 000000
0 000000
0 000000
0 000000
0 000000
0 000000
0 000000
0 000000
0 000000
0 000000
0 000000
0 000000
0 000000
0 000000
0 000000
0 000000
0 000000
0 000000
0 000000
0 000000
0 000000
0 000000
0 000000
0 000000
0 000000

SAMPLE 0E : -135300 FDEF7C
-135300 FDEF7C
-95785 FE89D7
-67810 FEF71E
-48006 FF447A
-33985 FF7B3F
-24060 FFA204
-17033 FFBD77
-12058 FFD0E6
-8536 FFDEA8
-6043 FFE865
-4278 FFEF4A
-3028 FFF42C
-2144 FFF7A0
-1518 FFFA12
-1074 FFFBCE
-760 FFFD08
-538 FFFDE6
-381 FFFE83
-269 FFFEF3
-191 FFFF41
-135 FFFF79
-95 FFFFA1
-67 FFFFBD
-48 FFFFD0
-33 FFFFDF
-24 FFFFE8
-17 FFFFEF
-12 FFFFF4
-8 FFFFF8
-6 FFFFFA
-4 FFFFFC
-3 FFFFFD
-2 FFFFFE
-1 FFFFFF
-1 FFFFFF
0 000000
0 000000
0 000000
0 000000
0 000000
0 000000
0 000000
0 000000
0 000000
0 000000
0 000000
0 000000
0 000000
0 000000
0 000000
0 000000
0 000000
0 000000
0 000000
0 000000
0 000000
0 000000
0 000000
0 000000
0 000000
0 000000
0 000000
0 000000
0 000000
0 000000
0 000000
0 000000
0 000000
0 000000
0 000000
0 000000
0 000000
0 000000
0 000000
0 000000
0 000000
0 000000
0 000000
0 000000
0 000000
0 000000
0 000000
0 000000
0 000000
0 000000
0 000000
0 000000
0 000000
0 000000
0 000000
0 000000
0 000000
0 000000
0 000000
0 000000
0 000000

SAMPLE 0F : -45100 FF4FD4
-45100 FF4FD4
-31928 FF8348
-22603 FFA7B5
-16002 FFC17E
-11328 FFD3C0
-8020 FFE0AC
-5677 FFE9D3
-4019 FFF04D
-2845 FFF4E3
-2014 FFF822
-1426 FFFA6E
-1009 FFFC0F
-714 FFFD36
-506 FFFE06
-358 FFFE9A
-253 FFFF03
-179 FFFF4D
-127 FFFF81
-89 FFFFA7
-63 FFFFC1
-45 FFFFD3
-31 FFFFE1
-22 FFFFEA
-16 FFFFF0
-11 FFFFF5
-8 FFFFF8
-5 FFFFFB
-4 FFFFFC
-2 FFFFFE
-2 FFFFFE
-1 FFFFFF
-1 FFFFFF
0 000000
0 000000
0 000000
0 000000
0 000000
0 000000
0 000000
0 000000
0 000000
0 000000
0 000000
0 000000
0 000000
0 000000
0 000000
0 000000
0 000000
0 000000
0 000000
0 000000
0 000000
0 000000
0 000000
0 000000
0 000000
0 000000
0 000000
0 000000
0 000000
0 000000
0 000000
0 000000
0 000000
0 000000
0 000000
0 000000
0 000000
0 000000
0 000000
0 000000
0 000000
0 000000
0 000000
0 000000
0 000000
0 000000
0 000000
0 000000
0 000000
0 000000
0 000000
0 000000
0 000000
0 000000
0 000000
0 000000
0 000000
0 000000
0 000000
0 000000
0 000000
0 000000
0 000000
0 000000

SAMPLE 10 : 45100 00B02C
45100 00B02C
31928 007CB8
22603 00584B
16002 003E82
11328 002C40
8020 001F54
5677 00162D
4019 000FB3
2845 000B1D
2014 0007DE
1426 000592
1009 0003F1
714 0002CA
506 0001FA
358 000166
253 0000FD
179 0000B3
127 00007F
89 000059
63 00003F
45 00002D
31 00001F
22 000016
16 000010
11 00000B
8 000008
5 000005
4 000004
2 000002
2 000002
1 000001
1 000001
0 000000
0 000000
0 000000
0 000000
0 000000
0 000000
0 000000
0 000000
0 000000
0 000000
0 000000
0 000000
0 000000
0 000000
0 000000
0 000000
0 000000
0 000000
0 000000
0 000000
0 000000
0 000000
0 000000
0 000000
0 000000
0 000000
0 000000
0 000000
0 000000
0 000000
0 000000
0 000000
0 000000
0 000000
0 000000
0 000000
0 000000
0 000000
0 000000
0 000000
0 000000
0 000000
0 000000
0 000000
0 000000
0 000000
0 000000
0 000000
0 000000
0 000000
0 000000
0 000000
0 000000
0 000000
0 000000
0 000000
0 000000
0 000000
0 000000
0 000000
0 000000
0 000000
0 000000
0 000000

SAMPLE 11 : 135300 021084
135300 021084
95785 017629
67810 0108E2
48006 00BB86
33985 0084C1
24060 005DFC
17033 004289
12058 002F1A
8536 002158
6043 00179B
4278 0010B6
3028 000BD4
2144 000860
1518 0005EE
1074 000432
760 0002F8
538 00021A
381 00017D
269 00010D
191 0000BF
135 000087
95 00005F
67 000043
48 000030
33 000021
24 000018
17 000011
12 00000C
8 000008
6 000006
4 000004
3 000003
2 000002
1 000001
1 000001
0 000000
0 000000
0 000000
0 000000
0 000000
0 000000
0 000000
0 000000
0 000000
0 000000
0 000000
0 000000
0 000000
0 000000
0 000000
0 000000
0 000000
0 000000
0 000000
0 000000
0 000000
0 000000
0 000000
0 000000
0 000000
0 000000
0 000000
0 000000
0 000000
0 000000
0 000000
0 000000
0 000000
0 000000
0 000000
0 000000
0 000000
0 000000
0 000000
0 000000
0 000000
0 000000
0 000000
0 000000
0 000000
0 000000
0 000000
0 000000
0 000000
0 000000
0 000000
0 000000
0 000000
0 000000
0 000000
0 000000
0 000000
0 000000
0 000000
0 000000
0 000000

SAMPLE 12 : 225500 0370DC
225500 0370DC
159641 026F99
113017 01B979
80010 01388A
56643 00DD43
40100 009CA4
28388 006EE4
20097 004E81
14228 003794
10072 002758
7130 001BDA
5048 0013B8
3573 000DF5
2530 0009E2
1791 0006FF
1268 0004F4
897 000381
635 00027B
449 0001C1
318 00013E
225 0000E1
159 00009F
113 000071
80 000050
56 000038
40 000028
28 00001C
20 000014
14 00000E
10 00000A
7 000007
5 000005
3 000003
2 000002
1 000001
1 000001
0 000000
0 000000
0 000000
0 000000
0 000000
0 000000
0 000000
0 000000
0 000000
0 000000
0 000000
0 000000
0 000000
0 000000
0 000000
0 000000
0 000000
0 000000
0 000000
0 000000
0 000000
0 000000
0 000000
0 000000
0 000000
0 000000
0 000000
0 000000
0 000000
0 000000
0 000000
0 000000
0 000000
0 000000
0 000000
0 000000
0 000000
0 000000
0 000000
0 000000
0 000000
0 000000
0 000000
0 000000
0 000000
0 000000
0 000000
0 000000
0 000000
0 000000
0 000000
0 000000
0 000000
0 000000
0 000000
0 000000
0 000000
0 000000
0 000000
0 000000

SAMPLE 13 : 315700 04D134
315700 04D134
223498 03690A
158224 026A10
112014 01B58E
79300 0135C4
56140 00DB4C
39744 009B40
28136 006DE8
19919 004DCF
14101 003715
9983 0026FF
7067 001B9B
5003 00138B
3542 000DD6
2507 0009CB
1775 0006EF
1256 0004E8
889 000379
629 000275
445 0001BD
315 00013B
223 0000DF
158 00009E
112 000070
79 00004F
56 000038
39 000027
28 00001C
19 000013
14 00000E
9 000009
7 000007
5 000005
3 000003
2 000002
1 000001
1 000001
0 000000
0 000000
0 000000
0 000000
0 000000
0 000000
0 000000
0 000000
0 000000
0 000000
0 000000
0 000000
0 000000
0 000000
0 000000
0 000000
0 000000
0 000000
0 000000
0 000000
0 000000
0 000000
0 000000
0 000000
0 000000
0 000000
0 000000
0 000000
0 000000
0 000000
0 000000
0 000000
0 000000
0 000000
0 000000
0 000000
0 000000
0 000000
0 000000
0 000000
0 000000
0 000000
0 000000
0 000000
0 000000
0 000000
0 000000
0 000000
0 000000
0 000000
0 000000
0 000000
0 000000
0 000000
0 000000
0 000000
0 000000
0 000000
0 000000

SAMPLE 14 : 405900 06318C
405900 06318C
287355 04627B
203431 031AA7
144018 023292
101957 018E45
72180 0119F4
51099 00C79B
36175 008D4F
25610 00640A
18130 0046D2
12835 003223
9086 00237E
6433 001921
4554 0011CA
3224 000C98
2282 0008EA
1615 00064F
1143 000477
809 000329
573 00023D
405 000195
287 00011F
203 0000CB
144 000090
101 000065
72 000048
51 000033
36 000024
25 000019
18 000012
12 00000C
9 000009
6 000006
4 000004
3 000003
2 000002
1 000001
1 000001
0 000000
0 000000
0 000000
0 000000
0 000000
0 000000
0 000000
0 000000
0 000000
0 000000
0 000000
0 000000
0 000000
0 000000
0 000000
0 000000
0 000000
0 000000
0 000000
0 000000
0 000000
0 000000
0 000000
0 000000
0 000000
0 000000
0 000000
0 000000
0 000000
0 000000
0 000000
0 000000
0 000000
0 000000
0 000000
0 000000
0 000000
0 000000
0 000000
0 000000
0 000000
0 000000
0 000000
0 000000
0 000000
0 000000
0 000000
0 000000
0 000000
0 000000
0 000000
0 000000
0 000000
0 000000
0 000000
0 000000
0 000000
0 000000

SAMPLE 15 : 496100 0791E4
496100 0791E4
351211 055BEB
248638 03CB3E
176022 02AF96
124614 01E6C6
88220 01589C
62455 00F3F7
44214 00ACB6
31301 007A45
22159 00568F
15688 003D48
11106 002B62
7862 001EB6
5566 0015BE
3940 000F64
2789 000AE5
1975 0007B7
1398 000576
989 0003DD
700 0002BC
496 0001F0
351 00015F
248 0000F8
176 0000B0
124 00007C
88 000058
62 00003E
44 00002C
31 00001F
22 000016
15 00000F
11 00000B
7 000007
5 000005
3 000003
2 000002
1 000001
1 000001
0 000000
0 000000
0 000000
0 000000
0 000000
0 000000
0 000000
0 000000
0 000000
0 000000
0 000000
0 000000
0 000000
0 000000
0 000000
0 000000
0 000000
0 000000
0 000000
0 000000
0 000000
0 000000
0 000000
0 000000
0 000000
0 000000
0 000000
0 000000
0 000000
0 000000
0 000000
0 000000
0 000000
0 000000
0 000000
0 000000
0 000000
0 000000
0 000000
0 000000
0 000000
0 000000
0 000000
0 000000
0 000000
0 000000
0 000000
0 000000
0 000000
0 000000
0 000000
0 000000
0 000000
0 000000
0 000000
0 000000
0 000000
0 000000

SAMPLE 16 : 586300 08F23C
586300 08F23C
415068 06555C
293846 047BD6
208027 032C9B
147271 023F47
104260 019744
73810 012052
52254 00CC1E
36993 009081
26189 00664D
18540 00486C
13125 003345
9292 00244C
6578 0019B2
4657 001231
3297 000CE1
2334 00091E
1652 000674
1169 000491
828 00033C
586 00024A
415 00019F
293 000125
208 0000D0
147 000093
104 000068
73 000049
52 000034
36 000024
26 00001A
18 000012
13 00000D
9 000009
6 000006
4 000004
3 000003
2 000002
1 000001
1 000001
0 000000
0 000000
0 000000
0 000000
0 000000
0 000000
0 000000
0 000000
0 000000
0 000000
0 000000
0 000000
0 000000
0 000000
0 000000
0 000000
0 000000
0 000000
0 000000
0 000000
0 000000
0 000000
0 000000
0 000000
0 000000
0 000000
0 000000
0 000000
0 000000
0 000000
0 000000
0 000000
0 000000
0 000000
0 000000
0 000000
0 000000
0 000000
0 000000
0 000000
0 000000
0 000000
0 000000
0 000000
0 000000
0 000000
0 000000
0 000000
0 000000
0 000000
0 000000
0 000000
0 000000
0 000000
0 000000
0 000000
0 000000

SAMPLE 17 : 676500 0A5294
676500 0A5294
478925 074ECD
339053 052C6D
240031 03A99F
169929 0297C9
120300 01D5EC
85166 014CAE
60293 00EB85
42684 00A6BC
30218 00760A
21392 005390
15144 003B28
10721 0029E1
7590 001DA6
5373 0014FD
3804 000EDC
2693 000A85
1906 000772
1349 000545
955 0003BB
676 0002A4
478 0001DE
339 000153
240 0000F0
169 0000A9
120 000078
85 000055
60 00003C
42 00002A
30 00001E
21 000015
15 00000F
10 00000A
7 000007
5 000005
3 000003
2 000002
1 000001
1 000001
0 000000
0 000000
0 000000
0 000000
0 000000
0 000000
0 000000
0 000000
0 000000
0 000000
0 000000
0 000000
0 000000
0 000000
0 000000
0 000000
0 000000
0 000000
0 000000
0 000000
0 000000
0 000000
0 000000
0 000000
0 000000
0 000000
0 000000
0 000000
0 000000
0 000000
0 000000
0 000000
0 000000
0 000000
0 000000
0 000000
0 000000
0 000000
0 000000
0 000000
0 000000
0 000000
0 000000
0 000000
0 000000
0 000000
0 000000
0 000000
0 000000
0 000000
0 000000
0 000000
0 000000
0 000000
0 000000
0 000000
0 000000

SAMPLE 18 : 766700 0BB2EC
766700 0BB2EC
542782 08483E
384260 05DD04
272035 0426A3
192586 02F04A
136340 021494
96521 017909
68332 010AEC
48375 00BCF7
34247 0085C7
24245 005EB5
17164 00430C
12151 002F77
8602 00219A
6090 0017CA
4311 0010D7
3052 000BEC
2160 000870
1529 0005F9
1082 00043A
766 0002FE
542 00021E
384 000180
272 000110
192 0000C0
136 000088
96 000060
68 000044
48 000030
34 000022
24 000018
17 000011
12 00000C
8 000008
6 000006
4 000004
3 000003
2 000002
1 000001
1 000001
0 000000
0 000000
0 000000
0 000000
0 000000
0 000000
0 000000
0 000000
0 000000
0 000000
0 000000
0 000000
0 000000
0 000000
0 000000
0 000000
0 000000
0 000000
0 000000
0 000000
0 000000
0 000000
0 000000
0 000000
0 000000
0 000000
0 000000
0 000000
0 000000
0 000000
0 000000
0 000000
0 000000
0 000000
0 000000
0 000000
0 000000
0 000000
0 000000
0 000000
0 000000
0 000000
0 000000
0 000000
0 000000
0 000000
0 000000
0 000000
0 000000
0 000000
0 000000
0 000000
0 000000
0 000000
0 000000
0 000000

SAMPLE 19 : 856900 0D1344
856900 0D1344
606638 0941AE
429467 068D9B
304039 04A3A7
215243 0348CB
152380 02533C
107877 01A565
76371 012A53
54066 00D332
38276 009584
27097 0069D9
19183 004AEF
13580 00350C
9614 00258E
6806 001A96
4818 0012D2
3411 000D53
2415 00096F
1709 0006AD
1210 0004BA
856 000358
606 00025E
429 0001AD
304 000130
215 0000D7
152 000098
107 00006B
76 00004C
54 000036
38 000026
27 00001B
19 000013
13 00000D
9 000009
6 000006
4 000004
3 000003
2 000002
1 000001
1 000001
0 000000
0 000000
0 000000
0 000000
0 000000
0 000000
0 000000
0 000000
0 000000
0 000000
0 000000
0 000000
0 000000
0 000000
0 000000
0 000000
0 000000
0 000000
0 000000
0 000000
0 000000
0 000000
0 000000
0 000000
0 000000
0 000000
0 000000
0 000000
0 000000
0 000000
0 000000
0 000000
0 000000
0 000000
0 000000
0 000000
0 000000
0 000000
0 000000
0 000000
0 000000
0 000000
0 000000
0 000000
0 000000
0 000000
0 000000
0 000000
0 000000
0 000000
0 000000
0 000000
0 000000
0 000000
0 000000
0 000000

SAMPLE 1A : 947100 0E739C
947100 0E739C
670495 0A3B1F
474674 073E32
336043 0520AB
237900 03A14C
168420 0291E4
119232 01D1C0
84410 0149BA
59757 00E96D
42305 00A541
29949 0074FD
21202 0052D2
15010 003AA2
10626 002982
7523 001D63
5325 0014CD
3770 000EBA
2669 000A6D
1889 000761
1337 000539
947 0003B3
670 00029E
474 0001DA
336 000150
237 0000ED
168 0000A8
119 000077
84 000054
59 00003B
42 00002A
29 00001D
21 000015
15 00000F
10 00000A
7 000007
5 000005
3 000003
2 000002
1 000001
1 000001
0 000000
0 000000
0 000000
0 000000
0 000000
0 000000
0 000000
0 000000
0 000000
0 000000
0 000000
0 000000
0 000000
0 000000
0 000000
0 000000
0 000000
0 000000
0 000000
0 000000
0 000000
0 000000
0 000000
0 000000
0 000000
0 000000
0 000000
0 000000
0 000000
0 000000
0 000000
0 000000
0 000000
0 000000
0 000000
0 000000
0 000000
0 000000
0 000000
0 000000
0 000000
0 000000
0 000000
0 000000
0 000000
0 000000
0 000000
0 000000
0 000000
0 000000
0 000000
0 000000
0 000000
0 000000
0 000000
0 000000

SAMPLE 1B : 1037300 0FD3F4
1037300 0FD3F4
734352 0B3490
519881 07EEC9
368047 059DAF
260557 03F9CD
184460 02D08C
130588 01FE1C
92449 016921
65449 00FFA9
46334 00B4FE
32802 008022
23222 005AB6
16440 004038
11638 002D76
8239 00202F
5833 0016C9
4129 001021
2923 000B6B
2069 000815
1465 0005B9
1037 00040D
734 0002DE
519 000207
368 000170
260 000104
184 0000B8
130 000082
92 00005C
65 000041
46 00002E
32 000020
23 000017
16 000010
11 00000B
8 000008
5 000005
4 000004
2 000002
2 000002
1 000001
1 000001
0 000000
0 000000
0 000000
0 000000
0 000000
0 000000
0 000000
0 000000
0 000000
0 000000
0 000000
0 000000
0 000000
0 000000
0 000000
0 000000
0 000000
0 000000
0 000000
0 000000
0 000000
0 000000
0 000000
0 000000
0 000000
0 000000
0 000000
0 000000
0 000000
0 000000
0 000000
0 000000
0 000000
0 000000
0 000000
0 000000
0 000000
0 000000
0 000000
0 000000
0 000000
0 000000
0 000000
0 000000
0 000000
0 000000
0 000000
0 000000
0 000000
0 000000
0 000000
0 000000
0 000000
0 000000
0 000000

SAMPLE 1C : 1127501 11344D
1127501 11344D
798209 0C2E01
565089 089F61
400052 061AB4
283215 04524F
200501 030F35
141943 022A77
100488 018888
71140 0115E4
50363 00C4BB
35654 008B46
25241 006299
17869 0045CD
12650 00316A
8956 0022FC
6340 0018C4
4488 001188
3177 000C69
2249 0008C9
1592 000638
1127 000467
798 00031E
565 000235
400 000190
283 00011B
200 0000C8
141 00008D
100 000064
71 000047
50 000032
35 000023
25 000019
17 000011
12 00000C
8 000008
6 000006
4 000004
3 000003
2 000002
1 000001
1 000001
0 000000
0 000000
0 000000
0 000000
0 000000
0 000000
0 000000
0 000000
0 000000
0 000000
0 000000
0 000000
0 000000
0 000000
0 000000
0 000000
0 000000
0 000000
0 000000
0 000000
0 000000
0 000000
0 000000
0 000000
0 000000
0 000000
0 000000
0 000000
0 000000
0 000000
0 000000
0 000000
0 000000
0 000000
0 000000
0 000000
0 000000
0 000000
0 000000
0 000000
0 000000
0 000000
0 000000
0 000000
0 000000
0 000000
0 000000
0 000000
0 000000
0 000000
0 000000
0 000000
0 000000
0 000000
0 000000

SAMPLE 1D : 1217701 1294A5
1217701 1294A5
862066 0D2772
610296 094FF8
432056 0697B8
305872 04AAD0
216541 034DDD
153299 0256D3
108527 01A7EF
76831 012C1F
54392 00D478
38507 00966B
27260 006A7C
19299 004B63
13662 00355E
9672 0025C8
6847 001ABF
4847 0012EF
3431 000D67
2429 00097D
1720 0006B8
1217 0004C1
862 00035E
610 000262
432 0001B0
305 000131
216 0000D8
153 000099
108 00006C
76 00004C
54 000036
38 000026
27 00001B
19 000013
13 00000D
9 000009
6 000006
4 000004
3 000003
2 000002
1 000001
1 000001
0 000000
0 000000
0 000000
0 000000
0 000000
0 000000
0 000000
0 000000
0 000000
0 000000
0 000000
0 000000
0 000000
0 000000
0 000000
0 000000
0 000000
0 000000
0 000000
0 000000
0 000000
0 000000
0 000000
0 000000
0 000000
0 000000
0 000000
0 000000
0 000000
0 000000
0 000000
0 000000
0 000000
0 000000
0 000000
0 000000
0 000000
0 000000
0 000000
0 000000
0 000000
0 000000
0 000000
0 000000
0 000000
0 000000
0 000000
0 000000
0 000000
0 000000
0 000000
0 000000
0 000000
0 000000
0 000000

SAMPLE 1E : 1307901 13F4FD
1307901 13F4FD
925922 0E20E2
655503 0A008F
464060 0714BC
328529 050351
232581 038C85
164654 02832E
116566 01C756
82522 01425A
58421 00E435
41359 00A18F
29280 007260
20728 0050F8
14674 003952
10389 002895
7354 001CBA
5206 001456
3686 000E66
2609 000A31
1847 000737
1307 00051B
925 00039D
655 00028F
464 0001D0
328 000148
232 0000E8
164 0000A4
116 000074
82 000052
58 00003A
41 000029
29 00001D
20 000014
14 00000E
10 00000A
7 000007
5 000005
3 000003
2 000002
1 000001
1 000001
0 000000
0 000000
0 000000
0 000000
0 000000
0 000000
0 000000
0 000000
0 000000
0 000000
0 000000
0 000000
0 000000
0 000000
0 000000
0 000000
0 000000
0 000000
0 000000
0 000000
0 000000
0 000000
0 000000
0 000000
0 000000
0 000000
0 000000
0 000000
0 000000
0 000000
0 000000
0 000000
0 000000
0 000000
0 000000
0 000000
0 000000
0 000000
0 000000
0 000000
0 000000
0 000000
0 000000
0 000000
0 000000
0 000000
0 000000
0 000000
0 000000
0 000000
0 000000
0 000000
0 000000
0 000000
0 000000

SAMPLE 1F : 1398101 155555
1398101 155555
989779 0F1A53
700710 0AB126
496064 0791C0
351187 055BD3
248621 03CB2D
176010 02AF8A
124605 01E6BD
88214 015896
62450 00F3F2
44211 00ACB3
31299 007A43
22158 00568E
15686 003D46
11105 002B61
7862 001EB6
5565 0015BD
3940 000F64
2789 000AE5
1974 0007B6
1398 000576
989 0003DD
700 0002BC
496 0001F0
351 00015F
248 0000F8
176 0000B0
124 00007C
88 000058
62 00003E
44 00002C
31 00001F
22 000016
15 00000F
11 00000B
7 000007
5 000005
3 000003
2 000002
1 000001
1 000001
0 000000
0 000000
0 000000
0 000000
0 000000
0 000000
0 000000
0 000000
0 000000
0 000000
0 000000
0 000000
0 000000
0 000000
0 000000
0 000000
0 000000
0 000000
0 000000
0 000000
0 000000
0 000000
0 000000
0 000000
0 000000
0 000000
0 000000
0 000000
0 000000
0 000000
0 000000
0 000000
0 000000
0 000000
0 000000
0 000000
0 000000
0 000000
0 000000
0 000000
0 000000
0 000000
0 000000
0 000000
0 000000
0 000000
0 000000
0 000000
0 000000
0 000000
0 000000
0 000000
0 000000
0 000000
0 000000
